entity: 1 2.200000
entity: 1 2.200000
entity: 2 2.200000
